eggs:0.43859386444091797
Gorbly:0.3515915870666504
